0,439
0,438
38,4
38,3
38,2
0,437
38,1
38,0
0,436
0,435
0,434
0,433
37,4
0,432
0,431
0,430
37,3
37,2
0,429
37,1
37,0
0,428
0,427
0,426
36,4
0,425
0,424
0,423
36,3
36,2
0,422
36,1
36,0
0,421
0,420
0,419
35,4
0,418
0,417
0,416
35,3
35,2
0,415
35,1
35,0
0,414
0,413
0,412
34,4
0,411
0,410
0,409
34,3
34,2
0,408
34,1
34,0
0,407
0,406
0,405
33,4
0,404
0,403
0,402
33,3
33,2
0,401
33,1
33,0
0,400
0,399
32,3
32,2
0,398
32,1
32,0
0,397
0,396
0,395
31,5
0,394
0,393
0,392
0,391
31,4
0,390
31,3
31,2
31,1
31,0
0,389
0,388
30,5
0,387
0,386
0,385
30,4
30,3
30,2
30,1
30,0
29,4
29,3
29,2
29,1
29,0
0,384
